-674.79
-680.51
-867.75
-583.98
-570.90
-601.44
-589.25
-584.25
-577.26
-528.44
-484.91
-560.55
-529.09
-488.30
-579.20
-607.34
-307.48
-560.63
-554.47
-404.43
-591.53
-801.08
-329.27
-360.97
-576.72
-223.56
-241.21
-375.11
-248.93
-418.97
-531.84
-527.77
-538.96
-756.49
-576.52
-276.02
-291.85
-330.84
-408.34
-377.64
-421.39
-276.16
-339.34
-338.99
-260.89
-229.23
-284.13
-354.96
-370.17
-342.94
-384.72
-384.30
-344.11
-387.24
-255.88
-369.02
-808.76
-605.84
-462.06
-439.32
-489.13
-450.33
-447.63
-469.05
-462.23
-482.84
-332.03
-342.99
-310.04
-311.41
-312.76
-331.12
-331.63
-310.84
-313.47
-437.54
-554.75
-503.96
-491.84
-475.48
-474.05
-499.25
-429.48
-405.33
-507.75
-314.82
-326.53
-677.16
-725.16
-740.61
