-24.8903
-33.9709
-23.2867
-45.5558
-37.874
-25.2041
-7.39235
-26.2032
-18.4992
-36.8939
-31.6337
-7.7
-42.3593
-49.1317
-21.1729
-5.4
-46.9817
-21.8798
-46.7155
-50.1239
-11.138
-45.2296
-31.5252
-27.4319
-25.8492
-10.1815
-29.9535
-40.1673
-81.022
-37.502
-1.28021
-35.1486
-22.0697
-22.583
-61.4693
-13.1068
-46.9023
-31.87
-10.4036
-16.355
-13.9766
-14.2
-15.5956
-10.7114
-25.8911
-16.4859
-7.6
-24.8507
-17.9
-40.1002
-32.6741
-29.375
-13.3
-32.2798
-13.3085
-39.2157
-14.5607
-8.70727
-28.1907
-5.00049
-11.8822
-91.0534
-8.28536
-24.6189
-6.0286
-5
-41.7559
-14.7501
-10.7235
-10.9
-50.8772
-30.4373
-8.20145
-13.0461
-11.2544
-14.6973
-13.112
-31.2021
-39.3661
-26.2361
-44.8165
-14.2529
-8.43559
-24.7973
-30.8354
-36.829
-22.9517
-43.2456
-37.4985
-14.2607
-13.0193
-11.0853
-31.0875
-21.2351
-36.2677
-65.0607
-31.5584
-35.3311
-34.8484
-17.1542
-44.6795
-14.835
-32.0691
-37.8184
-28.4779
-23.1232
-36.2497
-41.904
-3.73783
-20.7006
-47.8517
-2.1
-41.9766
-21.0959
-13.2521
-24.5869
-9.87461
-50.2228
-41.201
-37.3329
-30.9138
-30.1065
-22.172
-30.2833
-14.4
-28.0126
-27.8857
-17.0196
-35.2491
-11.6715
-33.6369
-15.1533
-32.5003
-23.7442
-38.4667
-51.2293
-40.671
-86.504
-42.1953
-15.1
-37.7684
-53.9064
-32.7013
-39.6327
-41.3725
-29.1192
-3.50068
-34.0628
-19.1689
-8.84022
-47.4886
-43.8617
-65.5063
-22.7126
-45.3822
-13.3113
-3.73783
-29.272
-11.7113
-10.2103
-5.6
-26.2174
-27.9004
-43.0471
-29.1498
-6.2
-36.877
-53.0796
-6.95383
-41.1943
-35.2537
-13.6283
-14.9146
-10.317
-17.4092
-27.3618
-15.3168
-43.215
-31.1859
-16.0135
-31.9876
-8.99063
-49.3423
-44.4442
-13.3
-14.7599
-35.3088
-27.2497
-2.41604
-22.1395
-33.4357
-16.6283
-22.138
-16.3171
-26.0821
-41.5456
-29.3461
-30.7387
-25.7793
-25.8571
-30.8281
-39.46
-30.4701
-50.9388
-13.9926
-30.6778
-27.5183
-10.0451
-21.4197
-28.2081
-10.2
-7.87899
-39.5864
-28.0083
-11.9845
-25.1888
-18.5901
-34.8769
-29.1686
-3.00981
-11.9844
-31.1872
-16.9615
-2.4045
-29.8027
-25.4272
-21.7563
-16.4227
-34.4502
-29.6776
-17.2334
-43.38
-47.3575
-34.8937
-28.0679
-14.0519
-16.27
-32.6307
-25.8591
-48.0534
-24.9578
-27.6802
-33.6721
-13.8604
-11.0625
-40.2221
-32.3323
-37.2043
-3.40247
-6.14018
-27.8269
-27.0613
-28.3369
-26.7
-12.8489
-10.7834
-33.1104
-8.35085
-32.0428
-28.6988
-12.861
-29.3224
-13.3347
-20.2
-45.6152
-33.578
-12.1
-26.845
-30.6383
-2.71185
-26.065
-12.2
-41.8308
-34.6201
-22.8056
-31.8708
-12.8853
-18.215
-7.49935
-25.5225
-14.1088
-2.05257
-37.0473
-31.3546
-25.8105
-18.2772
-26.1194
-1.3
-44.64
-7.9
-21.9239
-27.8918
-1.82001
-21.4736
-39.905
-34.2009
-19.9002
-20.7191
-13.1024
-45.9397
-32.3992
-15.655
-50.4347
-13.8008
-22.2849
5.05326
5.53744
-27.0747
-31.0827
-49.162
-3.1
-32.0235
-12.4215
-24.226
-2.08401
-40.068
-10.4053
-13.2765
-42.7742
-20.6319
-8.15173
-14.5719
-31.8347
-45.5442
-54.6211
-32.8313
-33.5838
-13.1805
-50.107
-30.9491
-12.5032
-16.1254
-11.5117
-28.3587
-23.3206
8.76653
-10.3532
-14.6023
-30.3934
-31.8375
-47.1887
-25.6441
-23.4108
-31.1669
-10.0665
-33.0461
-51.9438
-31.1924
