-17.23
-34.33
-21.21
-45.43
-37.63
-21.57
-0.36
-24.24
-17.59
-31.82
-28.41
-7.70
-42.33
-49.13
-20.24
-5.40
-46.78
-15.69
-45.87
-45.96
-7.69
-44.89
-29.35
-26.28
-21.82
-9.24
-27.54
-39.15
-81.26
-37.51
-1.01
-33.86
-21.48
-20.35
-61.23
-12.80
-46.90
-27.09
-10.40
-6.59
-13.98
-14.20
-15.60
-11.05
-25.62
-12.54
-7.60
-24.85
-17.90
-40.01
-29.66
-28.84
-13.30
-28.07
-13.30
-39.05
-14.56
-8.70
-26.58
-5.00
-11.88
-90.55
-7.14
-24.32
-4.48
-5.00
-38.02
-9.09
-8.20
-10.90
-50.88
-29.65
-2.75
-4.86
-10.95
-13.88
-4.86
-30.26
-38.94
-23.22
-41.79
-13.36
-7.30
-21.53
-30.65
-34.31
-21.38
-43.42
-36.81
-14.26
-13.00
-9.05
-27.29
-12.86
-34.18
-64.88
-31.47
-34.38
-30.78
-13.39
-43.86
-12.93
-30.86
-33.94
-25.48
-21.02
-34.43
-46.73
-3.70
-20.70
-46.85
-2.10
-37.80
-20.98
-13.24
-24.09
-9.47
-50.04
-40.38
-33.67
-26.92
-22.13
-20.28
-29.28
-14.40
-23.27
-24.28
-12.73
-29.78
-9.58
-27.78
-15.14
-29.75
-20.07
-35.31
-50.51
-36.47
-86.37
-41.02
-15.10
-37.31
-53.67
-32.25
-39.36
-37.29
-25.77
-3.50
-26.80
-16.78
-8.80
-46.61
-43.51
-65.09
-21.76
-44.31
-13.30
-3.70
-28.76
-11.70
-4.05
-5.60
-22.51
-27.04
-39.51
-25.34
-6.20
-36.60
-52.84
-6.00
-40.85
-34.21
-13.63
-14.91
-10.03
-15.61
-25.33
-12.05
-41.66
-26.50
-16.31
-30.95
-8.04
-47.10
-43.49
-13.30
-11.14
-32.59
-23.06
-2.38
-15.90
-33.43
-16.63
-20.43
-12.82
-25.10
-41.07
-23.98
-27.14
-25.64
-23.25
-24.28
-34.81
-26.26
-50.67
-13.99
-26.34
-24.89
-9.32
-19.89
-24.77
-10.20
-7.42
-38.50
-23.36
-11.98
-24.52
-12.83
-33.65
-28.88
-2.88
-0.79
-24.27
-14.35
-1.10
-29.80
-17.50
-21.31
-12.08
-34.45
-29.37
-17.21
-40.04
-46.59
-29.27
-22.38
-12.75
-13.89
-27.45
-25.72
-47.73
-19.10
-22.89
-32.93
-12.65
-11.06
-38.09
-32.23
-31.54
-3.40
-6.14
-24.70
-26.84
-23.64
-26.70
-12.36
-10.78
-26.30
-5.11
-31.95
-25.04
-12.84
-27.71
-10.94
-20.20
-44.45
-33.57
-12.10
-26.07
-29.53
-2.71
-23.31
-12.20
-41.36
-33.20
-19.72
-29.37
-12.80
-18.21
-4.34
-22.86
-11.25
-1.27
-36.29
-31.24
-25.38
-18.28
-21.63
-1.30
-44.63
-7.90
-19.93
-27.01
-1.78
-19.85
-36.40
-32.75
-19.90
-17.28
-8.68
-40.24
-27.13
-11.70
-49.52
-13.80
-21.03
 5.27
 6.33
-24.55
-25.51
-43.14
-3.10
-26.25
-12.40
-19.62
 0.39
-39.96
-10.41
-5.71
-41.82
-18.93
-8.00
-10.56
-26.25
-45.51
-52.91
-29.49
-31.26
-13.18
-49.00
-30.08
-11.27
-16.13
-11.50
-27.35
-23.31
 8.37
-8.30
-14.60
-29.76
-23.73
-45.19
-23.02
-22.28
-29.23
-10.07
-31.53
-49.52
-26.12
