-11.54
-11.22
-6.73
-11.22
-7.72
-7.72
-5.93
-11.22
-10.12
-20.23
-13.57
-0.88
-0.49
-0.54
-14.56
-42.81
-13.45
-42.81
-2.62
-3.93
-3.93
-0.88
-2.28
-3.93
-6.41
-8.39
-11.53
-19.95
-14.12
-18.84
-3.13
-6.83
-1.05
-16.94
-10.35
-13.19
-13.04
-9.87
-12.10
-8.80
-14.09
-23.87
-7.61
-23.02
-13.62
-8.83
-11.53
-2.97
-2.97
-1.69
-4.28
-13.92
-13.92
-5.98
-8.29
-45.37
-9.23
-9.23
-7.64
-12.24
-17.01
-13.22
-17.01
-4.64
-4.21
-18.28
-10.22
-5.62
-7.94
-7.53
-7.41
-7.41
-26.28
-18.23
-15.96
-18.23
-15.96
-18.23
-15.96
-18.23
-15.96
-9.19
-4.81
-10.22
-4.22
-3.83
-5.92
-12.15
-12.34
-12.34
-2.28
-2.06
-10.82
-3.71
-3.71
-3.71
-3.71
-3.71
-18.04
-13.32
-13.32
-5.62
-5.62
-5.62
-23.81
-5.74
-2.19
-5.49
-5.49
-5.32
-10.22
-12.80
-8.67
-17.62
-11.07
-9.38
-9.38
-6.81
-3.41
-26.13
-9.55
-5.62
-20.52
-4.72
-4.72
-16.72
-14.32
-14.42
-17.32
-56.06
-10.88
-3.09
-3.09
-3.09
-14.70
-8.67
-12.61
-3.57
-8.90
-10.94
-8.03
-8.03
-35.61
-17.63
-8.22
-8.22
-7.75
-13.49
-5.43
-4.58
-4.46
-4.46
-14.25
-13.56
-4.22
-11.02
-13.87
-9.66
-4.70
-4.67
-34.91
-19.11
-6.92
-12.52
-4.74
-4.74
-4.74
-4.74
-6.91
-17.07
-7.36
-8.93
-22.08
-11.47
-13.04
-12.82
-27.30
-58.40
-58.40
-7.75
-10.52
-27.30
-5.70
-8.75
-8.82
-22.71
-11.69
-28.15
-28.15
-3.93
-11.53
-17.92
-7.62
-29.76
-28.52
-6.92
-68.38
-43.54
-9.43
-1.76
-3.05
-8.66
-7.69
-18.40
-18.27
-10.46
-9.08
-7.91
-2.13
-10.72
-2.91
-8.31
-11.54
-10.18
-39.97
-4.37
-4.37
-7.75
-12.65
-9.08
-7.28
-10.43
-11.90
-2.79
-7.92
-7.92
-32.69
-3.30
-5.20
-5.20
-5.20
-10.41
-11.54
-34.02
-11.21
-11.21
-11.78
-18.84
-23.02
-13.49
-11.45
-10.43
-11.78
-11.78
-16.46
-34.84
-11.78
-27.62
-34.84
-14.57
-11.78
-5.84
-12.94
-14.42
-3.02
-11.61
-13.65
-24.27
-10.18
-12.90
-21.55
-27.55
-8.22
-8.29
-6.61
-27.30
-21.55
-21.55
-2.95
-6.92
-6.92
-3.67
-13.62
-2.01
-19.95
-7.12
-23.68
-1.05
-16.94
-13.19
-11.32
-13.96
-24.97
-34.96
-8.29
-9.96
-13.46
-46.05
-23.78
-34.96
-20.22
-13.37
-10.67
-25.12
-7.79
-10.52
-9.43
-32.87
-27.22
-17.52
-17.52
-29.42
-29.42
-29.55
-13.10
-16.09
-7.94
-23.78
-35.99
-32.08
-5.49
-14.67
-13.82
-28.32
-28.32
-4.96
-7.92
-20.22
-56.10
-3.93
-17.52
-32.40
-17.07
-27.82
-19.70
-22.21
-15.03
-10.03
-10.03
-9.36
-25.73
-5.46
-4.42
-23.78
-8.44
-17.07
-48.35
-16.49
-19.58
-13.96
-18.34
-9.99
-9.32
-17.52
-11.12
-9.27
-9.27
-13.33
-13.90
-28.32
-28.32
-17.07
-19.04
-14.05
-37.49
-3.93
-18.09
-22.08
-19.49
-16.09
-47.71
-13.19
-7.92
-28.32
-28.32
-28.32
-28.32
-32.08
-32.08
-26.81
-29.10
-2.19
-18.27
-28.94
-13.30
-46.05
-8.66
-13.88
-23.49
-29.29
-46.39
-9.29
-9.29
-31.82
-35.54
-35.54
-35.54
-7.75
-44.99
-19.39
-6.79
-12.45
-20.29
-3.93
-7.73
-59.35
-62.25
-11.22
-15.22
-2.06
-17.01
-29.44
-13.98
-18.84
-62.12
-21.82
-13.28
-9.99
-17.96
-13.19
-13.19
-13.19
-6.69
-35.54
-35.54
-35.54
-35.54
-30.99
-34.73
-35.54
-60.91
-6.43
-2.21
-63.43
-27.30
-17.76
-15.26
-9.46
-12.10
-10.24
-24.51
-26.13
-27.30
-18.22
-18.24
-18.22
-18.24
-6.19
-4.25
-5.21
-1.42
-19.39
-19.24
-24.51
-24.51
-27.30
-27.30
-27.30
-27.30
-27.30
-27.30
-5.24
-5.24
-56.68
-56.68
-9.23
-59.93
-12.10
-7.73
-7.73
-9.23
-8.84
-8.84
-17.71
-12.23
-3.91
-19.20
-24.51
-26.68
-41.47
-41.47
-44.37
-24.43
-41.73
-34.33
-8.68
-13.52
-26.68
-26.68
-19.03
-13.96
-27.21
-60.34
-4.31
-3.22
-11.84
-30.60
-16.26
-16.32
-28.32
-9.36
-24.13
-1.78
-32.42
-32.42
-11.54
-5.59
-13.96
-9.34
-49.98
-15.81
-26.49
-3.83
-6.65
-30.46
-5.23
-5.23
-16.42
-30.74
-30.74
-8.90
-18.75
-7.19
-5.54
-5.54
-26.13
-27.30
-17.76
-17.07
-17.07
-21.89
-22.55
-9.41
-4.04
-8.14
-7.97
-7.97
-5.47
-5.47
-18.23
-15.96
-18.23
-15.96
-12.93
-11.55
-11.55
-43.85
-43.85
-17.80
-18.35
-4.72
-6.17
-6.17
-28.02
-26.50
-29.80
-29.80
-29.80
-29.80
-29.80
-29.80
-37.71
-37.71
-35.70
-35.69
-29.80
-5.44
-32.16
-7.56
-32.37
-23.02
-24.96
-23.67
-23.60
-23.33
-10.27
-10.27
-17.09
-17.07
-17.07
-17.07
-17.07
-17.07
-12.04
-3.54
-31.49
-17.07
-18.38
-17.07
-26.56
-4.34
-19.96
-1.28
-31.78
-44.31
-24.51
-24.51
-60.34
-24.51
-16.20
-11.00
-17.76
-21.45
-13.94
-9.57
-12.02
-6.04
-7.06
-68.51
-73.76
-14.01
-17.07
-9.13
-4.12
-23.14
-8.39
-11.70
-14.29
-34.70
-43.00
-36.19
-17.31
-68.51
-68.51
-68.51
-68.51
-68.51
-10.33
-11.29
-12.52
-6.82
-4.01
-13.65
-8.20
-3.89
-13.22
-20.81
-14.82
-26.94
-27.02
-26.94
-26.26
-25.36
-25.10
-16.72
-38.16
-20.09
-49.98
-49.98
-65.86
-27.50
-34.97
-19.91
-4.02
-3.34
-13.78
-32.87
-13.18
-4.10
-10.58
-26.47
-19.04
-6.22
-6.22
-6.22
-10.35
-6.22
-18.94
-17.92
-5.39
-41.16
-19.65
-17.76
-23.79
-17.47
-41.12
-37.73
-30.15
-8.42
-13.94
-13.94
-17.07
-13.94
-3.93
-3.43
-12.16
-11.38
-11.38
-17.31
-35.54
-26.13
-26.13
-26.13
-35.54
-13.09
-17.76
-19.90
-17.76
-15.04
-12.15
-19.28
-13.87
-38.47
-13.09
-17.07
-17.02
-16.84
-14.20
-16.52
-14.20
-12.13
-19.32
-19.62
-19.32
-19.62
-16.72
-22.21
-15.42
-14.93
-8.94
-10.47
-10.47
-10.47
-10.47
-11.52
-1.51
-28.32
-28.32
-27.17
-1.09
-38.47
-5.21
-26.12
-3.93
-11.41
-11.64
-11.62
-6.23
-8.25
-13.96
-13.96
-13.96
-13.96
-9.27
-26.90
-10.88
-5.28
-11.31
-8.04
-20.75
-16.00
-15.91
-14.58
-15.91
-15.41
-19.54
-17.16
-13.08
-15.14
-16.26
-18.37
-18.27
-19.54
-13.98
-21.97
-16.35
-16.97
-18.97
-16.57
-18.96
-17.16
-16.38
-17.64
-16.26
-17.22
-18.55
-20.90
-22.93
-14.16
-16.55
-13.91
-31.93
-30.00
-31.27
-31.97
-32.27
-17.34
-16.46
-20.54
-19.74
-18.07
-18.17
-18.34
-19.74
-16.84
-17.43
-16.87
-19.25
-16.97
-19.49
-17.45
-19.48
-17.93
-16.16
-16.55
-16.91
-16.81
-19.33
-17.93
-19.25
-13.34
-32.52
-31.87
-27.46
-30.98
-23.75
-27.32
-28.33
-32.44
-29.85
-21.87
-22.28
-45.48
-45.48
-44.11
-49.58
-44.59
-45.39
-46.92
-11.33
-12.31
-9.52
-11.35
-13.73
-11.16
-13.45
-14.83
-16.75
-10.39
-11.86
-10.80
-12.53
-13.36
-11.77
-14.83
-10.94
-13.53
-9.70
-10.56
-9.97
-11.86
-8.84
-10.90
-14.47
-9.97
-7.31
-9.73
-9.42
-11.18
-9.40
-9.85
-8.45
-9.18
-11.38
-11.28
-13.25
-13.44
-6.96
-16.10
-18.06
-13.42
-7.13
-11.57
-6.20
-22.78
-5.72
-11.97
-9.89
-9.63
-6.81
-10.28
-5.82
-11.46
-11.50
-11.98
-11.43
-10.75
-10.61
-17.73
-12.81
-19.90
-18.42
-16.75
-13.10
-18.95
-13.64
-17.04
-19.04
-13.15
-15.37
-10.88
-15.63
-17.24
-12.08
-15.67
-14.88
-12.12
-12.41
-13.29
-12.43
-14.84
-12.81
-13.87
-15.04
-15.58
-14.65
-17.77
-16.25
-15.01
-16.57
-13.53
-14.36
-8.92
-12.05
-11.55
-10.67
-13.01
-14.74
-12.84
-16.16
-13.43
-13.07
-12.26
-15.04
-14.15
-15.79
-21.51
-14.79
-16.18
-14.56
-13.05
-16.51
-16.11
-14.12
-14.12
-14.08
-16.21
-14.32
-34.05
-34.08
-37.64
-33.87
-37.75
-35.19
-38.18
-17.42
-22.66
-39.13
-37.34
-29.68
-40.70
-27.89
-28.27
-25.36
-42.30
-41.91
-42.90
-39.36
-43.14
-27.94
-46.95
-46.67
-37.25
-44.70
-40.72
-30.25
-41.69
-32.35
-44.13
-33.15
-41.57
-31.81
-46.45
-36.39
-34.01
-25.46
-39.78
-40.87
-40.87
-31.42
-48.82
-29.75
-36.33
-28.67
-31.31
-14.63
-28.26
-27.23
-26.57
-28.60
-45.72
-28.73
-23.04
-38.03
-46.88
-46.54
-26.74
-23.63
-30.62
-20.63
-44.89
-21.41
-25.33
-21.91
-28.40
-18.84
-48.57
-45.93
-54.10
-48.76
-34.45
-22.45
-40.27
-45.20
-25.65
-29.18
-29.65
-27.72
-27.72
-44.90
-42.02
-31.20
-27.28
-27.28
-28.03
-29.08
-29.08
-36.52
-34.45
-43.93
-37.76
-37.76
-32.46
-25.64
-25.54
-28.47
-100.31
-88.87
-121.05
-158.23
-168.59
-146.58
-161.92
-169.14
-106.60
-93.87
-120.42
-156.68
-121.07
-208.38
-121.64
-158.59
-103.21
-196.71
-123.26
-133.90
-187.09
-133.82
-189.17
-124.57
-178.95
-104.28
-188.70
-151.49
-137.38
-215.44
-183.31
-139.94
-130.32
-111.27
-102.34
-114.56
-145.79
-197.43
-108.90
-187.25
-163.66
-101.68
-89.63
-143.81
-133.53
-81.74
-84.18
-75.46
-137.83
-137.70
-103.77
-113.89
-119.73
-111.00
-112.67
-150.44
-149.15
-105.30
-142.44
-142.44
-142.44
-181.36
-166.52
-150.78
-116.83
-109.17
-184.95
-138.97
-193.89
-160.81
-128.64
-126.52
-120.79
-181.74
-114.88
-102.39
-165.69
-166.33
-118.68
-120.56
-124.36
-137.49
-126.54
-126.54
-181.82
-193.41
-229.14
-249.91
-172.63
-127.43
-115.97
-174.69
-131.87
-167.87
-170.25
-117.94
-132.05
-105.01
-137.44
-87.92
-116.69
-170.31
-159.63
-108.54
-107.39
-103.48
-122.16
-114.82
-123.99
-122.52
-114.23
-113.52
-154.28
-112.91
-101.37
-101.36
-106.64
-124.43
-158.13
-118.30
-171.84
-81.96
-105.43
-142.05
-154.22
-176.16
-140.55
-125.87
-184.23
-134.59
-128.63
-248.45
-100.50
-100.02
-103.10
-101.62
-175.95
-173.71
-230.92
-186.73
-138.42
-174.69
-96.40
-91.43
-115.68
-138.34
-138.33
-152.91
-152.91
-140.43
-149.78
-141.66
-131.20
-137.79
-149.28
-162.96
-157.41
-182.79
-138.00
-133.96
-157.03
-119.87
-157.78
-174.76
-171.24
-159.52
-156.78
-188.12
-221.72
-135.86
-211.33
-81.51
-84.70
-96.35
-116.30
-104.40
-110.78
-112.17
-121.22
-208.15
-172.65
-69.92
-152.98
-153.07
-106.30
-138.34
-105.16
-103.14
-104.06
-106.84
-89.28
-218.28
-221.03
-66.55
-167.42
-112.01
-129.53
-112.25
-121.55
-119.87
-160.85
-145.96
-230.71
-150.56
-121.55
-145.96
-144.65
-131.44
-138.18
-139.44
-139.18
-167.65
-144.86
-160.64
-125.99
-148.52
-111.87
-112.41
-138.51
-183.78
-101.62
-102.14
-147.04
-116.72
-113.36
-139.84
-92.22
-137.73
-143.77
-191.20
-166.60
-86.64
-211.09
-183.15
-128.88
-154.35
-154.35
-147.59
-91.23
-96.86
-113.14
-155.09
-124.95
-158.54
-135.13
-121.02
-150.46
-109.12
-115.10
-121.45
-200.97
-132.80
-127.06
-131.09
-122.76
-103.96
-102.52
-99.76
-104.21
-148.25
-151.49
-126.38
-182.76
-164.25
-170.94
-187.71
-136.70
-152.16
-93.78
-164.37
-122.65
-67.77
-211.40
-120.42
-249.70
-119.30
-230.19
-154.61
-167.65
-132.83
-105.23
-92.46
-184.20
-145.06
-219.62
-103.05
-184.20
-184.20
-184.20
-184.20
-184.20
-183.32
-150.63
-134.82
-144.56
-178.38
-141.81
-144.56
-107.65
-122.00
-100.91
-101.14
-112.52
-180.19
-181.38
-181.38
-181.38
-104.23
-120.66
-109.94
-131.89
-125.20
-223.95
-109.94
-164.27
-123.20
-75.46
-114.75
-150.56
-140.18
-139.63
-107.34
-146.68
-134.72
-75.43
-95.02
-129.09
-84.24
-166.70
-166.21
-79.18
-145.06
-109.94
-178.44
-178.44
-179.71
-179.71
-182.74
-85.92
-109.18
-71.80
-168.58
-141.41
-137.60
-154.25
-126.49
-141.52
-123.95
-119.16
-145.46
-108.10
-127.58
-142.45
-126.38
-127.35
-120.99
-143.13
-163.21
-131.17
-122.29
-118.25
-129.67
-111.90
-149.01
-142.38
-92.58
-139.51
-150.85
-127.46
-175.17
-122.54
-132.24
-134.04
-130.71
-115.58
-143.61
-143.53
-127.08
-132.74
-175.03
-111.73
-150.05
-113.32
-113.32
-127.87
-124.34
-105.53
-107.31
-132.41
-119.52
-158.61
-113.81
-134.75
-175.54
-224.43
-184.58
-130.53
-168.50
-114.71
-185.55
-152.57
-185.83
-185.83
-184.09
-157.25
-107.53
-211.85
-93.68
-162.85
-116.70
-112.19
-131.75
-91.04
-121.07
-119.54
-160.11
-159.91
-115.55
-144.32
-125.34
-93.92
-108.46
-122.69
-121.43
-113.26
-161.19
-165.75
-66.40
-95.21
-96.99
-198.14
-160.71
-137.61
-56.02
-49.94
-47.83
-49.33
-46.06
-49.28
-59.94
-49.89
-53.06
-53.06
-90.79
-104.74
-83.58
-91.70
-128.23
-77.82
-161.74
-142.99
-154.43
-146.72
-146.72
-170.86
-110.01
-105.07
-145.27
-162.98
-182.89
-116.76
-114.70
-111.69
-91.76
-90.41
-107.91
-179.42
-179.41
-189.51
-151.54
-152.15
-159.40
-211.12
-131.85
-108.25
-94.85
-76.94
-114.54
-99.12
-133.22
-71.40
-163.44
-136.99
-123.39
-113.00
-126.04
-179.79
-144.88
-132.78
-152.90
-124.95
-136.99
-193.24
-182.20
-85.79
-75.58
-113.94
-88.79
-98.42
-120.57
-163.47
-164.79
-152.37
-152.37
-159.26
-152.10
-143.52
-65.00
-72.68
-77.95
-89.91
-46.30
-48.84
-48.47
-50.94
-52.41
-53.67
-44.86
-41.09
-74.68
-53.18
-61.94
-61.63
-54.60
-40.00
-47.43
-44.57
-48.78
-78.83
-94.88
-69.88
-71.73
-75.46
-46.27
-71.42
-53.06
-38.57
-42.37
-50.92
-49.25
-50.78
-39.99
-35.51
-44.03
-46.64
-48.58
-45.50
-43.02
-51.59
-40.82
-45.50
-53.01
-38.24
-38.24
-52.25
-43.14
-50.02
-49.13
-45.35
-45.29
-43.69
-46.45
-53.36
-46.12
-43.59
-43.77
-42.84
-39.42
-46.20
-40.95
-52.97
-44.24
-50.86
-53.37
-44.24
-34.39
-51.59
-51.59
-51.59
-51.59
-51.59
-44.03
-52.65
-41.30
-46.76
-37.15
-42.93
-49.66
-43.26
-43.14
-51.59
-51.63
-50.66
-51.59
-51.08
-47.09
-48.95
-52.52
-41.90
-45.32
-48.68
-41.19
-45.97
-41.67
-39.30
-43.31
-41.11
-36.63
-55.96
-42.65
-43.35
-51.59
-51.59
-51.59
-47.35
-43.22
-42.96
-49.24
-42.46
-40.69
-38.23
-37.13
-45.61
-35.92
-43.19
-47.35
-53.06
-66.14
-118.18
-186.69
-115.02
-127.14
-50.10
-44.75
-57.68
-224.60
-223.95
-84.18
-80.51
-75.43
-30.04
-31.96
-75.43
-80.79
-166.76
-53.23
-116.63
-116.63
-116.63
-116.63
-54.03
-40.08
-80.51
-80.51
-88.71
-30.04
-111.43
-144.62
-98.84
-50.10
-74.64
-64.01
-101.90
-66.33
-33.07
-68.46
-51.60
-99.58
-57.92
-71.38
-98.84
-174.17
-131.85
-62.37
-84.81
-84.81
-60.72
-75.25
-73.59
-80.51
-80.51
-80.51
-73.67
-72.96
-74.44
-80.51
-58.72
-58.73
-51.12
-91.17
-58.74
-58.73
-58.72
-58.72
-58.73
-58.72
-72.85
-158.79
-106.36
-117.99
-67.46
-58.41
-91.03
-45.24
-56.50
-83.97
-102.96
-58.45
-58.79
-58.31
-117.88
-36.14
-28.93
-34.90
-21.68
-183.64
-147.49
-213.98
-210.76
-218.90
-223.66
-32.36
-48.99
-45.17
-51.20
-46.67
-44.80
-65.39
-61.14
-31.83
-32.35
-28.88
-29.88
-28.57
-55.51
-57.96
-38.55
-64.00
-49.26
-92.28
-90.20
-92.27
-92.09
-94.14
-107.30
-110.56
-110.16
-110.37
-114.84
-106.75
-119.44
-29.37
-25.12
-24.09
-28.86
-28.83
-22.77
-29.26
-31.29
-25.75
-26.90
-30.33
-29.45
-24.96
-27.39
-25.16
-24.67
-28.16
-27.82
-28.88
-28.93
-44.85
-47.22
-44.14
-47.76
-39.17
-39.34
-43.44
-34.33
-41.26
-43.16
-44.98
-44.43
-43.65
-42.07
-37.03
-43.86
-106.19
-55.93
-50.45
-57.61
-56.98
-55.40
-60.92
-51.44
-56.52
-47.58
-60.27
-51.77
-134.47
-209.43
-51.93
-132.63
-60.77
-115.72
-117.16
-128.66
-117.25
-117.33
-110.12
-110.26
-200.21
-106.36
-104.84
-52.88
-105.80
-109.05
-86.22
-111.91
-97.20
-119.55
-106.20
-110.45
-110.45
-109.66
-106.72
-110.60
-105.68
-106.68
-101.74
-42.19
-39.73
-48.43
-34.58
-43.77
-50.80
-43.77
-43.77
-142.27
-140.09
-44.95
-114.73
-131.73
-49.38
-49.38
-36.66
-33.76
-55.37
-55.37
-150.37
-135.86
-140.38
-142.24
-134.20
-145.39
-129.46
-38.95
-75.34
-79.74
-143.61
-45.30
-122.28
-40.07
-41.10
-85.10
-41.19
-41.19
-131.15
-132.59
-41.33
-40.99
-50.47
-124.05
-142.03
-114.36
-101.77
-98.00
-96.00
-130.44
-125.29
-56.50
-115.21
-115.33
-138.49
-144.00
-93.02
-50.58
-49.76
-88.64
-111.44
-120.88
-121.07
-117.33
-120.92
-122.60
-115.98
-120.42
-165.53
-70.06
-67.75
-70.89
-81.26
-86.98
-154.09
-70.89
-173.80
-65.34
-58.72
-125.80
-131.92
-148.00
-55.16
-93.43
-123.61
-52.56
-49.14
-167.95
-172.85
-151.58
-43.85
-34.92
-144.16
-137.74
-138.82
-136.46
-133.44
-134.54
-142.69
-142.46
-125.66
-181.66
-148.51
-148.05
-51.59
-50.80
-51.59
-131.26
-135.13
-129.16
-125.27
-128.98
-105.29
-102.50
-84.98
-141.83
-124.59
-113.21
-125.32
-83.05
-110.63
-129.05
-116.91
-104.76
-111.27
-124.41
-124.47
-99.34
-118.51
-108.18
-121.36
-140.07
-46.53
-47.01
-121.10
-131.40
-122.17
-55.23
-188.09
-207.18
-235.41
-121.76
-138.62
-160.63
-150.75
-114.68
-138.84
-137.89
-50.40
-122.27
-34.06
-116.45
-48.11
-38.33
-116.79
-26.90
-134.14
-137.11
-144.79
-137.16
-154.91
-105.86
-140.18
-27.79
-41.95
-73.48
-127.65
-163.91
-154.95
-163.92
-56.54
-60.82
-122.90
-136.51
-86.51
-157.35
-115.98
-117.58
-96.42
-110.24
-105.16
-97.60
-115.60
-111.37
-114.28
-136.39
-40.87
-66.36
-70.67
-59.03
-185.90
-214.36
-216.39
-210.23
-48.62
-131.90
-135.84
-96.55
-44.17
-195.98
-190.82
-58.72
-58.72
-58.72
-58.72
-140.91
-105.26
-93.28
-97.24
-50.08
-56.94
-56.94
-51.76
-46.36
-85.93
-88.46
-129.01
-164.07
-177.14
-176.22
-53.26
-46.34
-145.31
-100.79
-95.17
-145.60
-115.62
-211.95
-42.66
-212.69
-147.06
-95.74
-120.12
-68.12
-152.41
-139.75
-96.02
-125.65
-132.77
-102.24
-100.19
-119.76
-124.79
-141.60
-155.19
-26.72
-50.54
-44.55
-46.73
-46.41
-130.69
-130.58
-49.79
-58.69
-129.27
-52.31
-49.61
-96.12
-95.61
-62.26
-142.63
-148.84
-150.39
-122.83
-116.71
-115.60
-174.98
-110.28
-112.16
-114.82
-122.47
-121.60
-114.55
-132.57
-183.98
-183.98
-140.17
-99.77
-100.63
-165.88
-134.18
-114.50
-115.12
-114.50
-114.47
-137.10
-79.68
-135.14
-130.19
-122.04
-122.04
-114.47
-126.20
-125.15
-127.38
-123.26
-127.88
-166.83
-166.98
-101.87
-103.11
-160.69
-162.66
-162.66
-162.66
-98.97
-98.97
-100.59
-139.70
-90.92
-85.96
-99.55
-145.34
-146.28
-142.18
-146.39
-146.39
-145.14
-142.37
-147.70
-142.18
-168.50
-113.10
-113.10
-113.36
-112.83
-112.84
-113.10
-106.76
-113.17
-170.12
-91.50
-133.37
-138.67
-131.59
-131.59
-136.52
-136.52
-136.15
-136.15
-134.75
-134.82
-164.89
-145.91
-155.27
-160.72
-132.25
-125.00
-158.08
-115.54
-115.54
-122.88
-122.24
-124.90
-118.46
-119.34
-118.57
-118.57
-130.69
-143.65
-118.06
-166.45
-154.20
-172.38
-158.29
-138.53
-134.75
-60.74
-53.45
-53.45
-67.98
-67.98
-136.38
-136.03
-138.99
-133.07
-133.07
-116.43
-143.41
-126.50
-148.07
-112.45
-158.41
-67.81
-67.81
-118.33
-119.78
-134.40
-125.63
-155.29
-152.27
-132.89
-130.11
-102.76
-109.33
-101.40
-109.74
-117.79
-113.63
-112.44
-131.79
-129.46
-136.32
-128.00
-128.64
-128.00
-128.64
-128.64
-128.64
-128.64
-128.64
-129.38
-128.64
-128.64
-127.62
-125.53
-170.48
-174.32
-136.45
-136.17
-136.45
-136.17
-93.32
-93.32
-95.09
-91.89
-182.84
-142.06
-134.12
-141.47
-140.77
-89.66
-78.77
-78.77
-113.84
-110.22
-114.10
-110.22
-107.75
-109.39
-110.22
-110.64
-107.23
-118.85
-120.97
-120.96
-121.04
-120.97
-121.04
-123.28
-29.98
-166.61
-125.13
-116.42
-128.80
-141.04
-95.13
-120.51
-112.12
-112.12
-113.50
-109.00
-106.44
-116.83
-124.99
-124.99
-142.58
-123.80
-158.03
-111.10
-142.92
-145.98
-87.84
-109.23
-109.23
-106.94
-122.06
-116.90
-102.27
-116.90
-117.70
-116.90
-100.41
-104.80
-139.61
-109.30
-114.12
-140.02
-98.63
-95.30
-144.65
-141.89
-164.72
-114.22
-152.87
-100.09
-155.34
-155.34
-152.87
-170.20
-107.90
-107.90
-98.55
-116.44
-115.69
-81.68
-81.73
-150.43
-150.43
-149.31
-152.87
-93.99
-110.86
-102.78
-107.17
-111.42
-153.34
-148.94
-152.87
-159.01
-125.31
-131.54
-124.26
-132.03
-124.42
-132.19
-124.35
-104.19
-104.19
-142.69
-141.28
-136.84
-162.54
-126.47
-131.10
-132.25
-83.41
-83.41
-96.02
-102.32
-131.82
-127.04
-124.01
-113.42
-123.97
-131.50
-117.90
-123.41
-121.27
-158.43
-136.19
-78.18
-125.08
-127.37
-160.52
-160.70
-128.95
-127.47
-122.01
-130.50
-130.50
-110.73
-149.69
-141.41
-140.18
-141.42
-116.20
-144.36
-141.26
-139.37
-141.19
-111.76
-114.36
-147.88
-140.68
-147.86
-147.86
-142.56
-154.71
-193.87
-193.87
-126.77
-135.37
-157.94
-130.25
-132.56
-132.05
-132.56
-132.56
-131.80
-133.24
-132.05
-133.28
-132.56
-132.56
-130.13
-134.54
-134.02
-127.57
-128.45
-132.25
-134.94
-131.01
-130.22
-130.11
-123.42
-128.00
-128.03
-128.03
-128.64
-128.64
-128.64
-128.64
-128.21
-152.46
-105.37
-108.36
-110.57
-116.55
-116.55
-116.01
-113.67
-116.01
-110.57
-92.57
-117.02
-121.92
-121.93
-141.73
-90.65
-92.17
-157.31
-167.58
-152.91
-108.82
-108.81
-102.06
-103.45
-102.94
-101.09
-100.60
-101.63
-111.40
-110.63
-111.40
-90.65
-183.89
-109.90
-108.10
-107.94
-109.54
-110.89
-104.79
-148.75
-145.97
-145.97
-124.48
-124.48
-128.18
-127.70
-129.40
-70.97
-70.97
-76.90
-170.01
-146.87
-171.75
-180.49
-193.25
-177.49
-161.07
-191.64
-190.76
-145.09
-120.21
-151.04
-103.54
-134.18
-154.16
-132.60
-147.52
-141.91
-142.92
-158.53
-138.02
-153.99
-123.13
-112.05
-157.64
-167.18
-153.09
-113.40
-108.49
-140.24
-121.05
-121.05
-113.86
-113.93
-116.98
-117.75
-92.96
-131.44
-159.68
-157.03
-161.19
-156.76
-137.94
-137.94
-136.66
-133.69
-131.67
-125.27
-126.68
-125.30
-124.64
-125.27
-125.67
-125.67
-125.67
-125.67
-125.67
-125.67
-199.63
-193.24
-190.40
-209.23
-233.16
-176.62
-231.25
-209.02
-216.94
-246.91
-234.75
-144.89
-246.71
-252.45
-231.54
-153.74
-219.33
-246.73
-209.84
-219.53
-243.61
-243.61
-227.48
-243.98
-245.28
-206.81
-227.01
-204.24
-216.61
-225.66
-241.32
-259.95
-214.47
-216.78
-221.32
-235.11
-226.34
-221.92
-206.08
-198.69
-239.06
-231.75
-219.57
-223.84
-250.22
-214.70
-193.89
-199.63
-176.62
-199.63
-99.71
-122.45
-107.93
-273.70
-166.74
-223.85
-244.14
-143.78
-154.58
-132.93
-132.93
-126.17
-129.63
-132.93
-221.06
-199.93
-252.90
-267.82
-221.63
-308.28
-360.92
-214.17
-205.07
-216.05
-241.80
-125.28
-100.96
-105.47
-128.28
-152.43
-138.66
-204.36
-201.97
-166.23
-303.91
-287.51
-186.61
-195.46
-190.89
-231.02
-217.70
-253.61
-178.18
-311.67
-360.29
-213.92
-318.06
-177.67
-216.88
-249.83
-270.75
-238.30
-264.65
-267.69
-227.00
-290.61
-273.07
-162.33
-164.72
-240.15
-220.32
-232.10
-221.21
-273.01
-258.98
-211.62
-236.34
-244.56
-258.70
-298.46
-375.01
-240.96
-322.50
-113.95
-118.97
-115.38
-164.70
-163.51
-161.33
-162.93
-164.67
-160.38
-161.88
-145.08
-159.49
-156.24
-162.25
-153.28
-220.52
-229.03
-201.44
-219.67
-216.71
-214.01
-213.36
-210.22
