16
16
16
16
16
16
16
16
20
24
24
12
12
12
24
56
26
56
12
12
12
12
12
12
24
21
27
41
44
38
12
18
19
30
24
29
29
19
17
15
38
46
23
40
20
23
27
17
17
14
18
43
43
28
21
84
19
19
24
36
29
30
29
16
16
25
22
13
19
30
20
20
36
27
27
27
27
27
27
27
27
29
14
22
17
14
27
28
27
27
12
16
20
13
13
13
13
13
30
19
19
13
13
13
75
26
10
22
22
14
28
22
17
36
31
21
21
23
16
46
22
13
34
14
14
23
22
22
25
92
32
22
22
22
32
17
24
17
30
32
28
28
70
29
28
28
24
30
19
24
17
17
38
25
12
20
23
31
26
16
82
42
27
24
18
18
18
18
16
42
25
22
36
30
29
24
46
96
96
24
33
46
15
22
23
55
34
77
77
12
27
22
15
81
81
27
84
57
25
16
16
21
26
34
34
30
24
28
12
34
14
20
16
29
48
19
19
24
21
24
23
20
19
13
14
14
75
16
12
12
12
24
16
48
28
28
41
38
40
30
36
20
41
41
24
60
41
40
60
24
41
26
27
23
16
32
32
48
29
28
28
28
28
16
16
46
28
28
16
27
27
18
20
20
41
15
48
19
30
29
30
28
87
72
21
37
38
40
57
72
49
44
34
50
40
33
25
76
30
34
34
72
73
73
33
38
19
57
80
75
22
35
32
74
74
18
15
49
74
12
34
74
42
62
58
58
29
16
16
22
48
25
25
57
29
42
97
31
68
28
55
16
18
34
23
40
40
24
40
74
74
42
58
58
69
12
41
42
39
38
44
29
15
74
74
74
74
75
75
51
32
10
34
38
36
40
21
50
49
42
94
23
23
40
73
73
74
24
66
35
27
34
32
12
17
78
77
22
27
22
38
74
33
38
98
67
35
16
55
29
29
29
18
73
73
73
73
70
72
74
67
17
13
65
46
61
62
32
47
36
46
46
46
27
27
27
27
20
12
15
16
71
68
46
46
46
46
46
46
46
46
28
28
98
98
31
98
47
17
17
31
31
31
45
27
19
52
46
48
48
48
96
44
48
45
18
32
48
48
36
28
41
92
26
16
38
44
61
61
74
22
76
12
58
58
16
26
28
20
86
27
72
23
25
40
28
28
41
36
36
54
65
31
19
19
46
46
61
42
42
29
60
36
21
23
34
34
30
30
27
27
27
27
30
34
34
78
78
61
60
20
20
20
70
75
32
33
33
34
34
35
71
71
71
71
34
15
30
16
30
68
68
68
68
68
23
23
44
42
42
42
42
42
34
14
56
42
44
42
48
12
34
15
44
50
46
46
92
46
36
43
61
53
43
23
21
17
22
64
80
44
42
17
22
68
16
29
28
94
75
70
63
64
64
64
64
64
22
22
22
18
13
32
21
18
24
55
22
75
75
75
76
74
69
40
57
36
86
86
79
45
75
60
18
18
27
76
29
26
26
40
58
17
17
17
22
17
34
22
29
88
61
61
65
56
46
56
44
20
43
43
42
43
18
18
33
33
33
63
73
46
46
46
73
32
61
66
61
48
35
49
23
46
32
42
49
49
49
49
49
47
49
49
49
49
49
44
24
23
18
26
26
26
26
19
14
74
74
61
20
46
14
28
12
43
17
16
16
24
24
24
24
24
27
66
34
24
25
16
54
54
54
54
54
54
54
54
54
54
54
54
54
54
54
54
54
54
54
54
54
54
54
54
54
54
54
54
55
54
54
54
82
81
81
81
81
58
58
55
55
40
55
40
55
54
54
54
54
54
54
54
55
54
54
54
56
56
55
54
54
55
81
100
77
99
89
99
96
94
100
75
75
91
91
91
89
90
89
89
65
65
77
67
74
70
74
74
74
66
66
65
66
66
70
74
66
66
48
48
48
48
48
48
45
48
48
45
45
45
45
45
43
48
48
45
45
45
44
45
48
45
46
45
45
93
45
46
46
46
46
45
45
46
45
48
44
44
43
49
49
49
49
49
49
49
49
49
49
43
43
43
43
43
43
43
43
43
43
43
43
43
43
44
43
43
43
43
43
43
43
43
43
43
43
43
43
43
43
43
43
43
43
43
43
62
62
63
64
62
62
63
63
63
63
63
63
63
64
100
100
100
100
100
100
100
64
66
78
78
72
78
72
77
77
78
80
85
77
77
73
78
78
76
78
75
72
77
76
78
72
75
90
77
90
98
99
91
90
89
85
86
93
99
92
90
66
99
76
77
84
91
81
97
97
88
92
79
81
83
82
86
82
77
83
79
83
91
92
94
92
93
97
92
97
81
87
87
77
77
92
82
73
77
77
78
77
77
94
98
90
89
89
98
82
83
81
262
267
294
310
341
309
346
344
229
316
294
385
294
330
294
364
320
402
294
385
457
408
411
243
397
346
397
412
408
414
417
401
361
293
376
345
328
398
340
425
331
308
318
386
395
196
351
249
406
406
336
332
351
333
302
381
381
275
408
408
408
369
467
370
294
334
379
316
376
354
328
301
301
421
298
251
334
357
302
305
301
357
301
301
360
406
447
486
359
359
294
383
307
377
377
317
389
331
331
252
296
349
355
307
301
295
278
293
281
285
293
327
355
293
281
318
303
318
356
311
312
285
330
377
320
367
328
342
375
377
342
475
316
317
323
317
340
362
433
375
289
383
265
219
328
327
327
326
326
331
349
339
313
312
344
339
350
347
347
313
319
298
321
340
411
351
331
384
398
371
422
356
302
244
412
301
384
416
252
423
325
233
305
306
369
304
293
293
293
294
234
433
434
234
336
312
281
285
266
266
308
360
474
326
266
360
360
398
307
292
273
310
278
393
389
391
299
303
359
330
306
297
350
301
293
333
311
330
354
330
398
189
481
329
272
387
387
320
232
383
295
320
303
376
314
294
320
301
293
303
381
333
323
333
334
307
308
311
308
327
323
299
395
352
342
372
306
332
304
450
300
312
405
257
479
385
429
326
368
315
397
349
339
369
398
331
339
339
339
339
339
339
359
354
369
339
465
369
401
395
331
331
243
340
340
340
340
339
382
286
336
303
405
286
378
389
249
281
365
401
304
284
354
409
234
260
311
259
374
375
244
369
286
341
341
341
341
337
252
293
243
389
311
321
330
302
343
294
291
335
290
293
323
302
300
348
338
340
301
304
332
301
290
331
312
290
318
335
303
392
290
310
307
289
289
331
335
290
341
393
292
335
294
294
313
293
255
287
320
315
342
299
305
332
394
331
279
332
295
331
307
338
338
338
350
286
392
238
307
305
294
319
370
294
294
399
364
311
359
304
232
294
294
294
348
359
377
205
262
295
454
456
394
122
120
124
117
119
117
123
118
120
120
268
270
251
265
494
336
450
408
428
425
425
408
357
360
468
480
479
283
308
267
267
265
274
476
448
436
396
423
426
461
387
255
211
221
240
229
328
218
439
442
375
355
381
448
409
390
433
380
392
476
437
240
210
260
259
234
371
423
415
451
451
447
451
429
285
373
343
133
123
123
120
123
121
123
122
130
124
126
120
120
128
120
128
127
125
131
130
124
126
126
123
127
120
118
120
120
120
120
119
120
120
120
120
120
120
120
120
120
120
119
119
120
120
120
120
120
135
120
119
121
120
120
120
118
120
120
120
120
120
120
120
120
119
121
121
121
121
121
120
120
120
120
120
120
120
120
120
121
120
120
121
120
120
120
120
119
119
120
120
120
120
120
120
120
120
120
130
120
121
121
121
119
120
120
120
120
119
120
120
120
120
120
120
120
104
316
494
315
314
101
140
175
500
499
169
150
152
116
120
152
148
304
126
226
226
226
226
128
116
152
152
270
116
188
302
222
101
155
122
176
233
116
162
101
152
152
116
222
266
298
144
156
156
154
150
150
150
152
152
146
145
148
152
142
141
160
217
143
141
142
142
141
142
267
408
317
272
142
153
150
156
159
152
192
142
141
139
136
110
104
110
110
443
412
451
491
446
451
165
165
175
207
189
189
190
186
162
160
161
154
164
215
215
215
214
210
305
284
297
246
246
337
338
339
338
338
337
331
117
115
115
117
114
114
117
118
117
119
118
118
116
115
114
115
116
118
115
116
101
101
101
101
101
101
101
102
101
101
101
101
101
101
101
101
489
222
229
236
226
225
222
216
210
202
237
117
301
304
103
303
155
306
304
305
305
305
304
305
310
278
269
106
268
271
205
275
266
272
273
271
271
272
270
272
270
271
271
101
101
106
101
111
155
111
111
301
300
105
273
301
106
106
114
113
108
108
299
300
299
299
300
299
302
108
260
263
299
113
280
115
106
226
116
116
290
290
106
106
105
302
298
274
262
268
267
326
326
114
300
300
299
302
263
106
103
278
300
300
299
297
300
297
301
302
281
162
274
271
271
273
318
271
381
117
114
316
298
299
110
170
298
131
113
304
316
306
113
103
317
301
299
301
303
307
303
306
298
499
411
416
118
118
118
279
279
275
302
280
277
279
299
302
302
303
304
213
304
304
304
304
302
303
303
250
274
302
303
302
118
103
315
320
320
118
310
330
313
314
315
310
310
306
302
302
102
302
103
282
105
102
270
101
293
299
302
318
311
304
299
102
118
162
287
308
308
308
117
119
314
315
255
309
320
319
307
310
302
312
312
304
288
299
101
113
117
118
297
319
319
304
104
298
300
295
105
448
449
118
118
118
118
298
298
256
289
116
118
118
104
161
270
270
301
309
312
308
104
101
299
282
283
317
275
318
102
318
266
280
267
105
299
288
204
293
306
307
306
273
276
279
290
101
104
113
111
111
290
290
103
117
297
108
108
270
270
117
352
364
364
341
360
366
371
366
366
367
360
360
355
390
344
347
369
426
426
378
352
355
355
355
355
355
312
361
356
363
360
355
398
398
385
397
346
397
397
393
392
406
387
387
387
359
362
363
377
376
367
369
370
370
370
370
370
370
370
370
370
368
359
359
361
356
359
359
359
359
359
366
425
425
418
421
423
426
417
420
420
420
361
401
404
380
365
365
376
359
356
355
350
350
358
361
361
361
355
387
350
353
385
376
377
360
386
254
236
236
294
291
404
352
348
346
349
353
360
366
352
352
350
291
291
367
367
364
365
356
356
355
355
345
355
345
350
355
289
348
381
363
381
363
363
363
363
363
363
363
363
363
363
363
359
361
374
375
421
421
421
421
344
341
344
344
412
352
356
352
356
396
327
330
367
366
366
366
366
366
366
367
369
366
386
383
383
386
386
359
102
366
363
369
372
364
316
362
366
366
367
359
359
372
370
370
376
406
394
350
359
359
307
358
358
321
370
370
321
370
370
370
321
321
366
367
367
366
408
359
356
361
358
359
368
394
368
368
368
437
411
408
408
388
385
433
424
366
369
368
368
376
411
405
384
387
369
368
368
366
363
362
360
360
363
363
363
327
327
360
362
361
368
390
390
364
371
368
350
423
367
363
405
367
369
358
364
364
368
387
407
323
400
401
371
371
353
353
367
353
353
357
392
394
390
397
357
399
388
388
392
359
359
360
360
360
357
380
372
360
360
354
389
369
363
363
363
363
363
363
363
363
363
363
363
364
356
356
355
356
355
356
355
355
355
356
363
363
363
363
363
363
363
384
352
424
424
359
362
362
362
362
362
362
311
361
362
361
354
350
350
382
389
386
349
349
349
348
349
348
348
348
345
348
348
350
402
349
354
348
350
350
350
351
394
394
396
399
396
356
400
344
344
348
355
386
372
356
357
353
351
349
349
350
358
367
264
351
354
398
369
397
354
369
364
408
359
359
378
379
379
347
413
356
367
367
367
368
368
367
365
369
397
397
397
397
355
355
355
355
355
381
381
363
381
381
364
364
364
364
364
364
905
556
526
543
605
506
958
940
964
963
955
697
957
954
966
784
956
950
968
957
951
951
956
954
954
954
953
956
959
958
969
952
957
944
958
957
953
952
953
971
968
965
962
958
945
962
953
905
506
905
612
670
621
908
607
736
924
575
550
554
554
510
554
554
518
504
526
640
573
796
960
561
602
846
880
611
623
555
617
679
646
780
739
619
824
772
659
696
770
759
755
990
708
990
990
625
912
712
952
939
985
972
951
983
971
951
989
794
794
976
953
956
952
944
933
878
949
937
960
545
968
604
968
517
517
516
551
550
551
551
551
551
551
543
551
551
553
551
504
524
533
522
523
525
525
509
533