16
16
16
16
16
16
16
16
20
24
24
12
12
12
24
56
26
56
12
12
12
12
12
12
24
21
27
41
44
38
12
18
19
30
24
29
29
19
17
15
38
46
23
40
20
23
27
17
17
14
18
43
43
28
21
84
19
19
24
36
29
30
29
16
16
25
22
13
19
30
20
20
36
27
27
27
27
27
27
27
27
29
14
22
17
14
27
28
27
27
12
16
20
13
13
13
13
13
30
19
19
13
13
13
75
26
10
22
22
14
28
22
17
36
31
21
21
23
16
46
22
13
34
14
14
23
22
22
25
92
32
22
22
22
32
17
24
17
30
32
28
28
70
29
28
28
24
30
19
24
17
17
38
25
12
20
23
31
26
16
82
42
27
24
18
18
18
18
16
42
25
22
36
30
29
24
46
96
96
24
33
46
15
22
23
55
34
77
77
12
27
22
15
81
81
27
84
57
25
16
16
21
26
34
34
30
24
28
12
34
14
20
16
29
48
19
19
24
21
24
23
20
19
13
14
14
75
16
12
12
12
24
16
48
28
28
41
38
40
30
36
20
41
41
24
60
41
40
60
24
41
26
27
23
16
32
32
48
29
28
28
28
28
16
16
46
28
28
16
27
27
18
20
20
41
15
48
19
30
29
30
28
87
72
21
37
38
40
57
72
49
44
34
50
40
33
25
76
30
34
34
72
73
73
33
38
19
57
80
75
22
35
32
74
74
18
15
49
74
12
34
74
42
62
58
58
29
16
16
22
48
25
25
57
29
42
97
31
68
28
55
16
18
34
23
40
40
24
40
74
74
42
58
58
69
12
41
42
39
38
44
29
15
74
74
74
74
75
75
51
32
10
34
38
36
40
21
50
49
42
94
23
23
40
73
73
74
24
66
35
27
34
32
12
17
78
77
22
27
22
38
74
33
38
98
67
35
16
55
29
29
29
18
73
73
73
73
70
72
74
67
17
13
65
46
61
62
32
47
36
46
46
46
27
27
27
27
20
12
15
16
71
68
46
46
46
46
46
46
46
46
28
28
98
98
31
98
47
17
17
31
31
31
45
27
19
52
46
48
48
48
96
44
48
45
18
32
48
48
36
28
41
92
26
16
38
44
61
61
74
22
76
12
58
58
16
26
28
20
86
27
72
23
25
40
28
28
41
36
36
54
65
31
19
19
46
46
61
42
42
29
60
36
21
23
34
34
30
30
27
27
27
27
30
34
34
78
78
61
60
20
20
20
70
75
32
33
33
34
34
35
71
71
71
71
34
15
30
16
30
68
68
68
68
68
23
23
44
42
42
42
42
42
34
14
56
42
44
42
48
12
34
15
44
50
46
46
92
46
36
43
61
53
43
23
21
17
22
64
80
44
42
17
22
68
16
29
28
94
75
70
63
64
64
64
64
64
22
22
22
18
13
32
21
18
24
55
22
75
75
75
76
74
69
40
57
36
86
86
79
45
75
60
18
18
27
76
29
26
26
40
58
17
17
17
22
17
34
22
29
88
61
61
65
56
46
56
44
20
43
43
42
43
18
18
33
33
33
63
73
46
46
46
73
32
61
66
61
48
35
49
23
46
32
42
49
49
49
49
49
47
49
49
49
49
49
44
24
23
18
26
26
26
26
19
14
74
74
61
20
46
14
28
12
43
17
16
16
24
24
24
24
24
27
66
34
24
25
16
54
54
54
54
54
54
54
54
54
54
54
54
54
54
54
54
54
54
54
54
54
54
54
54
54
54
54
54
55
54
54
54
82
81
81
81
81
58
58
55
55
40
55
40
55
54
54
54
54
54
54
54
55
54
54
54
56
56
55
54
54
55
81
100
77
99
89
99
96
94
100
75
75
91
91
91
89
90
89
89
65
65
77
67
74
70
74
74
74
66
66
65
66
66
70
74
66
66
48
48
48
48
48
48
45
48
48
45
45
45
45
45
43
48
48
45
45
45
44
45
48
45
46
45
45
93
45
46
46
46
46
45
45
46
45
48
44
44
43
49
49
49
49
49
49
49
49
49
49
43
43
43
43
43
43
43
43
43
43
43
43
43
43
44
43
43
43
43
43
43
43
43
43
43
43
43
43
43
43
43
43
43
43
43
43
62
62
63
64
62
62
63
63
63
63
63
63
63
64
100
100
100
100
100
100
100
64
66
78
78
72
78
72
77
77
78
80
85
77
77
73
78
78
76
78
75
72
77
76
78
72
75
90
77
90
98
99
91
90
89
85
86
93
99
92
90
66
99
76
77
84
91
81
97
97
88
92
79
81
83
82
86
82
77
83
79
83
91
92
94
92
93
97
92
97
81
87
87
77
77
92
82
73
77
77
78
77
77
94
98
90
89
89
98
82
83
81