-674.48
-680.433
-867.797
-583.988
-571.987
-602.083
-589.056
-584.988
-578.161
-529.11
-485.278
-560.664
-529.9
-488.999
-580.609
-607.482
-307.713
-561.123
-554.574
-405.632
-592.912
-801.505
-330.467
-361.34
-577.113
-224.332
-241.503
-375.845
-249.139
-418.718
-531.828
-528.751
-539.109
-756.498
-575.516
-276.567
-291.46
-331.551
-408.933
-376.623
-421.536
-276.058
-339.188
-339.939
-260.999
-229.516
-284.761
-355.273
-370.182
-342.664
-385.518
-385.558
-344.718
-387.872
-255.816
-369.306
-809.154
-606.029
-461.798
-439.723
-489.926
-451.398
-447.862
-469.607
-462.264
-482.363
-333.612
-344.517
-310.79
-312.207
-313.588
-332.207
-333.05
-311.631
-314.116
-437.966
-555.474
-505.415
-491.415
-475.103
-474.465
-499.971
-429.65
-406.087
-508.617
-315.246
-328.033
-676.726
-725.508
-740.389
