-11.5376
-11.2245
-6.73092
-11.2196
-7.72245
-7.72245
-5.93023
-11.2245
-10.1168
-20.2261
-13.5662
-0.876834
-0.490489
-0.541079
-14.5634
-42.8064
-13.4502
-42.8064
-2.61595
-3.92866
-3.92866
-0.876834
-2.28405
-3.92866
-6.40564
-8.39089
-11.5266
-19.9542
-14.1207
-18.8374
-3.12964
-6.82998
-1.05415
-16.9438
-10.3465
-13.189
-13.0354
-9.87185
-12.1029
-8.80296
-14.0929
-23.8723
-7.60794
-23.0213
-13.6161
-8.83364
-11.5266
-2.9686
-2.9686
-1.69373
-4.28134
-13.918
-13.918
-5.97618
-8.28813
-45.3779
-9.22684
-9.22684
-7.6416
-12.242
-17.0054
-13.2194
-17.0054
-4.63834
-4.212
-18.2757
-10.217
-5.62417
-7.9378
-7.52652
-7.41122
-7.41122
-26.2758
-18.2332
-15.9641
-18.2332
-15.9641
-18.2332
-15.9641
-18.2332
-15.9641
-9.18565
-4.81191
-10.217
-4.21866
-3.83423
-5.92467
-12.1479
-12.3426
-12.3426
-2.28405
-2.05989
-10.8194
-3.7118
-3.71442
-3.71177
-3.7133
-3.71178
-18.0431
-13.316
-13.316
-5.62417
-5.62417
-5.62417
-23.8138
-5.73653
-2.1923
-5.48502
-5.48502
-5.31544
-10.2164
-12.8041
-8.66501
-17.6205
-11.0723
-9.37854
-9.37854
-6.81301
-3.40888
-26.1314
-9.54891
-5.62418
-20.5211
-4.71862
-4.71861
-16.7228
-14.3208
-14.4189
-17.3178
-56.0581
-10.8751
-3.08838
-3.08838
-3.08838
-14.6996
-8.66501
-12.6125
-3.56813
-8.90176
-10.938
-8.02756
-8.02756
-35.6128
-17.6297
-8.22442
-8.22442
-7.74765
-13.4853
-5.42967
-4.57614
-4.46191
-4.46191
-14.2518
-13.5594
-4.21718
-11.0171
-13.8746
-9.65823
-4.70474
-4.6668
-34.9187
-19.1088
-6.92261
-12.5236
-4.74372
-4.74372
-4.74372
-4.74372
-6.91258
-17.0713
-7.36256
-8.92809
-22.0816
-11.4729
-13.0354
-12.8245
-27.2963
-58.398
-58.398
-7.74765
-10.5222
-27.2963
-5.70289
-8.75205
-8.82131
-22.7133
-11.6911
-28.2036
-28.2036
-3.92866
-11.5266
-17.9176
-7.61529
-29.7864
-28.5327
-6.92157
-68.3808
-43.541
-9.43162
-1.75694
-3.04734
-8.66115
-7.68576
-18.4022
-18.2699
-10.4647
-9.08273
-7.91241
-2.12657
-10.7206
-2.90721
-8.30864
-11.5376
-10.1793
-39.9684
-4.36905
-4.36905
-7.74765
-12.6548
-9.08273
-7.27864
-10.4301
-11.8978
-2.79157
-7.91539
-7.91539
-32.807
-3.30182
-5.20037
-5.20037
-5.20038
-10.4149
-11.5376
-34.0156
-11.2074
-11.2074
-11.7811
-18.8374
-23.0213
-13.4853
-11.4514
-10.4301
-11.7811
-11.7811
-16.4614
-34.8396
-11.7811
-27.6238
-34.8396
-14.57
-11.7811
-5.84491
-12.9449
-14.4249
-3.0233
-11.6135
-13.6469
-24.2654
-10.1793
-12.9004
-21.552
-27.5503
-8.22442
-8.28528
-6.61366
-27.2963
-21.552
-21.552
-2.94563
-6.92157
-6.92157
-3.67089
-13.6161
-2.01122
-19.9542
-7.12233
-23.6841
-1.05415
-16.9438
-13.189
-11.3229
-13.9585
-24.8801
-34.957
-8.28813
-9.96296
-13.4607
-46.0475
-23.5564
-34.957
-20.2162
-13.3741
-10.6721
-24.8891
-7.78995
-10.5222
-9.43162
-33.0842
-27.217
-17.5185
-17.5185
-29.5852
-29.5843
-29.7089
-13.1034
-16.087
-7.9378
-23.5564
-35.9889
-32.1076
-5.48502
-14.6748
-13.8205
-28.4452
-28.4452
-4.96193
-7.92186
-20.2162
-56.1041
-3.92866
-17.5185
-32.6309
-17.0713
-27.8227
-19.6946
-22.204
-15.0252
-10.0268
-10.0268
-9.35601
-25.7336
-5.46054
-4.42129
-23.5564
-8.43654
-17.0713
-48.2006
-16.489
-19.5916
-13.9585
-18.3824
-9.99007
-9.32018
-17.5214
-11.1249
-9.27222
-9.27222
-13.3276
-13.9026
-28.4452
-28.4452
-17.0713
-18.9385
-14.0516
-37.4895
-3.92866
-18.0886
-22.0758
-19.4914
-16.087
-47.7147
-13.1886
-7.92186
-28.4452
-28.4452
-28.4452
-28.4452
-32.1076
-32.1076
-26.814
-29.0953
-2.19224
-18.2674
-28.936
-13.3138
-46.0475
-8.66115
-13.8936
-23.6908
-29.2908
-46.3896
-9.29043
-9.29043
-31.8233
-35.5433
-35.5433
-35.5435
-7.74765
-44.9935
-19.3924
-6.78833
-12.4458
-20.2864
-3.92866
-7.73068
-59.3532
-62.2534
-11.2188
-15.2197
-2.05688
-17.0117
-29.4356
-13.9842
-18.8374
-62.1191
-21.6384
-13.2843
-9.99007
-17.9555
-13.189
-13.189
-13.189
-6.69116
-35.5433
-35.5433
-35.5433
-35.5433
-30.9932
-34.7343
-35.5435
-60.9065
-6.43073
-2.20736
-63.4288
-27.2963
-17.7591
-15.2555
-9.46231
-12.1126
-10.2511
-24.5102
-26.1314
-27.2963
-18.2179
-18.2428
-18.2179
-18.2428
-6.19405
-4.24685
-5.21146
-1.41738
-19.2453
-19.0638
-24.5102
-24.5102
-27.2963
-27.2963
-27.2963
-27.2963
-27.2963
-27.2963
-5.23692
-5.23692
-56.6706
-56.6706
-9.232
-59.93
-12.098
-7.73068
-7.73068
-9.232
-8.84015
-8.84015
-17.7124
-12.2286
-3.90524
-19.2031
-24.5102
-26.6764
-41.4685
-41.4685
-44.3688
-24.4284
-41.726
-34.3348
-8.67838
-13.5165
-26.6764
-26.6764
-19.027
-13.9585
-27.2086
-60.3365
-4.31076
-3.2202
-11.8388
-30.5961
-16.2635
-16.3211
-28.4452
-9.35601
-24.1576
-1.77667
-32.4226
-32.4226
-11.5376
-5.58862
-13.9585
-9.34288
-49.9785
-15.8133
-26.7828
-3.83253
-6.64581
-30.4557
-5.23423
-5.23423
-16.4457
-30.736
-30.736
-8.89498
-18.5263
-7.19286
-5.54074
-5.54074
-26.1314
-27.2963
-17.7591
-17.0713
-17.0713
-21.8864
-22.5451
-9.41202
-4.03951
-8.13633
-7.96719
-7.96719
-5.47394
-5.47394
-18.2332
-15.9641
-18.2332
-15.9641
-12.9326
-11.5483
-11.5483
-43.855
-43.855
-17.8027
-18.3512
-4.72101
-6.17333
-6.17333
-28.0796
-26.7837
-29.8038
-29.8038
-29.8038
-29.8038
-29.8038
-29.8038
-37.7956
-37.7956
-36.0278
-36.0263
-29.8038
-5.43678
-32.1589
-7.56434
-32.3688
-23.0964
-25.0286
-23.3209
-23.5121
-23.156
-10.2716
-10.2716
-17.0885
-17.0713
-17.0713
-17.0713
-17.0713
-17.0713
-12.0411
-3.54454
-31.4945
-17.0713
-18.3789
-17.0713
-26.5564
-4.33942
-19.96
-1.27849
-31.7834
-44.3078
-24.5102
-24.5102
-60.3365
-24.5102
-16.2033
-11.0032
-17.7591
-21.326
-13.938
-9.5699
-12.0211
-6.04427
-7.06313
-68.5147
-73.7632
-14.0142
-17.0713
-9.12918
-4.11734
-22.9345
-8.3921
-11.6986
-14.2942
-34.5127
-42.996
-36.1911
-17.3297
-68.5147
-68.5147
-68.5147
-68.5147
-68.5147
-10.335
-11.293
-12.5209
-6.82132
-4.00816
-13.6469
-8.20028
-3.89012
-13.2191
-21.4284
-14.8183
-26.8821
-27.0184
-26.8821
-26.2572
-25.2773
-25.1695
-16.7153
-38.1634
-20.089
-49.9785
-49.9785
-65.8567
-27.4987
-34.6621
-19.9093
-4.01737
-3.33713
-13.7833
-33.0842
-13.1837
-4.10038
-10.575
-26.4669
-18.9385
-6.2195
-6.2195
-6.2195
-10.3508
-6.2195
-18.9372
-17.9176
-5.39462
-41.1602
-19.6482
-17.7591
-23.7881
-17.5024
-41.1212
-37.7263
-30.1462
-8.41954
-13.938
-13.938
-17.0713
-13.938
-3.92735
-3.42566
-12.1553
-11.3844
-11.3844
-17.3297
-35.5433
-26.1314
-26.1314
-26.1314
-35.5433
-13.0877
-17.7591
-19.9023
-17.7591
-15.0377
-12.1488
-19.5744
-13.8746
-38.4696
-13.0877
-17.0713
-17.0219
-16.841
-14.1953
-16.5227
-14.2037
-12.1141
-19.3188
-19.6189
-19.3181
-19.6166
-16.724
-22.2075
-15.4186
-14.9303
-8.94296
-10.4736
-10.4736
-10.4736
-10.4736
-11.5226
-1.51432
-28.4452
-28.4452
-27.1673
-1.08521
-38.4696
-5.20519
-26.1205
-3.92866
-11.4116
-11.6361
-11.6195
-6.23004
-8.25174
-13.9649
-13.9649
-13.9649
-13.9649
-9.26923
-26.9049
-10.88
-5.27506
-11.3068
-8.03604
-20.8618
-16.1053
-16.028
-14.655
-16.0288
-15.5013
-19.5612
-17.1669
-13.1996
-15.266
-16.3807
-18.4827
-18.3584
-19.5459
-13.9867
-22.1079
-16.4479
-17.1038
-19.0796
-16.6794
-19.0532
-17.1669
-16.5021
-17.7538
-16.3826
-17.2252
-18.681
-21.0076
-22.6914
-14.167
-16.6681
-14.0075
-32.0255
-30.1189
-31.3683
-32.0668
-32.3889
-17.4035
-16.5159
-20.5923
-19.7937
-18.0726
-18.2194
-18.3416
-19.7877
-16.9619
-17.5437
-16.9862
-19.3605
-17.084
-19.5999
-17.5657
-19.5957
-18.0412
-16.276
-16.6653
-16.9592
-16.8683
-19.3977
-18.0414
-19.3601
-13.2964
-32.6371
-32.1664
-27.4693
-31.3193
-23.775
-27.7678
-28.3838
-32.4544
-30.1771
-21.891
-22.2849
-45.4841
-45.4837
-44.111
-49.5777
-44.5964
-45.3993
-46.9307
-11.2745
-12.2575
-9.521
-11.3515
-13.7267
-11.1685
-13.4135
-14.8246
-16.6794
-10.3527
-11.8591
-10.5741
-12.5224
-13.3637
-11.773
-14.8246
-10.9024
-13.4661
-9.68586
-10.5597
-9.97118
-11.8588
-8.84407
-10.9015
-14.4648
-9.96772
-7.30989
-9.73083
-9.43476
-11.2002
-9.4082
-9.84927
-8.44792
-9.17869
-11.4311
-11.1974
-13.2333
-13.4384
-6.96032
-16.1303
-18.0449
-13.4041
-7.10922
-11.5741
-6.20041
-22.7836
-5.71847
-11.9719
-9.88932
-9.62388
-6.80295
-10.2765
-5.81371
-11.4647
-11.2762
-11.9889
-11.4317
-10.7539
-10.6047
-17.6953
-12.7499
-19.8835
-18.3962
-16.7506
-13.1138
-18.94
-13.6332
-17.0357
-19.0261
-13.1497
-15.3789
-10.8796
-15.6329
-17.2375
-12.1679
-15.6808
-14.8866
-12.1267
-12.4099
-13.5943
-12.4415
-14.8431
-12.815
-13.8679
-15.0575
-15.6146
-14.8659
-17.7779
-16.2626
-15.0375
-16.5692
-13.5427
-14.572
-8.92372
-12.0507
-11.8032
-10.6811
-13.1034
-14.7566
-12.9281
-16.1786
-13.4324
-13.0673
-12.265
-15.0448
-14.151
-15.7906
-21.5138
-14.792
-16.1749
-14.5555
-13.0514
-16.5091
-16.1141
-14.1163
-14.1155
-14.0789
-16.213
-14.3171
-34.0543
-34.0775
-37.6383
-33.871
-37.7542
-35.1918
-38.1837
-17.4204
-22.6569
-39.3938
-37.4002
-29.8308
-40.6943
-27.8961
-28.1993
-25.4774
-42.3468
-41.6779
-42.6283
-39.2072
-43.1943
-27.9421
-46.7878
-46.7376
-37.2425
-44.2309
-40.7963
-30.4208
-41.7015
-32.2049
-44.4246
-33.1294
-41.5632
-31.8111
-46.4541
-36.387
-33.9912
-25.3853
-39.776
-40.8689
-40.8689
-31.4167
-48.7903
-29.7517
-36.3289
-28.67
-31.3066
-14.614
-28.2609
-26.9844
-26.5714
-28.6972
-45.7187
-28.7265
-23.0381
-38.0261
-46.8726
-46.5345
-26.7426
-23.644
-30.6246
-20.6294
-44.8948
-21.4093
-25.3324
-21.9273
-28.3968
-18.8264
-48.5688
-45.9294
-54.1043
-48.7573
-34.4319
-22.438
-40.2979
-45.1082
-25.6561
-29.237
-29.6491
-27.7184
-27.7184
-44.9447
-42.0154
-31.2038
-27.2766
-27.2766
-28.0304
-29.0849
-29.0849
-36.5226
-34.454
-43.9313
-37.7394
-37.7394
-32.4636
-25.6415
-25.5415
-28.4394
-100.55
-89.5032
-121.091
-157.941
-168.342
-146.403
-162.044
-168.65
-106.494
-93.7182
-120.457
-156.858
-121.335
-208.882
-121.833
-157.956
-103.62
-196.489
-123.334
-134.021
-187.546
-133.817
-189.182
-124.383
-179.582
-103.529
-189.409
-151.431
-136.881
-214.703
-182.789
-139.383
-130.325
-112.052
-102.546
-114.187
-145.265
-196.954
-109.58
-187.786
-162.798
-101.601
-89.7818
-144.138
-133.435
-81.6465
-84.0328
-75.6182
-137.727
-137.23
-103.837
-113.807
-119.321
-110.989
-111.614
-150.946
-149.67
-105.259
-142.322
-142.322
-142.322
-181.693
-166.028
-150.591
-117.088
-109.536
-185.1
-138.791
-194.222
-160.977
-128.96
-126.796
-120.814
-181.978
-115.065
-102.095
-165.541
-166.983
-119.048
-120.661
-124.512
-137.241
-126.808
-126.808
-182.25
-193.746
-229.642
-250.955
-172.631
-127.524
-116.231
-174.7
-132.082
-167.782
-170.246
-117.715
-131.037
-104.437
-137.856
-88.2895
-116.925
-171.034
-159.66
-108.374
-107.709
-103.427
-122.239
-115.034
-124.037
-122.615
-114.457
-113.503
-154.298
-113.605
-101.586
-101.563
-106.887
-124.396
-158.238
-118.247
-171.279
-82.2736
-105.265
-141.777
-154.568
-176.038
-140.821
-125.637
-185.006
-134.466
-128.652
-248.732
-101.057
-100.581
-103.67
-102.185
-176.691
-174.091
-230.891
-187.452
-138.352
-174.7
-96.5845
-91.468
-115.418
-138.406
-138.373
-152.929
-152.929
-140.579
-149.113
-142.081
-131.011
-138.038
-149.663
-163.214
-157.056
-182.344
-138.436
-133.705
-157.24
-120.063
-157.987
-175.171
-171.818
-159.51
-156.952
-187.78
-220.965
-135.459
-211.02
-81.0168
-84.5648
-96.649
-116.277
-104.653
-110.7
-111.754
-121.982
-208.095
-172.825
-69.8705
-152.222
-152.724
-105.926
-139.173
-105.886
-103.403
-104.557
-108.049
-88.9477
-217.875
-220.622
-66.5098
-167.221
-111.733
-129.518
-112.625
-121.66
-119.928
-160.883
-146.143
-230.541
-150.558
-121.66
-146.143
-144.85
-131.675
-137.925
-139.297
-138.971
-167.434
-144.95
-160.756
-126.125
-148.655
-112.264
-112.378
-138.692
-183.844
-101.921
-102.149
-146.991
-116.81
-114.097
-139.439
-92.8051
-137.832
-144.21
-191.282
-166.123
-85.9811
-211.605
-183.238
-128.94
-154.357
-154.357
-147.654
-90.5341
-96.3132
-113.298
-155.46
-125.054
-158.49
-135.139
-121.042
-150.784
-108.744
-115.808
-121.377
-201.629
-133.638
-127.338
-131.358
-122.991
-104.086
-102.953
-99.8889
-104.377
-147.823
-151.549
-126.793
-182.584
-163.597
-171.275
-187.877
-137.196
-152.439
-93.6623
-164.924
-122.837
-67.27
-210.444
-120.907
-248.938
-118.984
-229.878
-154.497
-167.981
-132.915
-104.678
-92.329
-183.705
-144.952
-219.957
-102.789
-183.705
-183.705
-183.705
-183.705
-183.705
-182.825
-150.676
-134.71
-144.45
-177.85
-141.869
-144.454
-106.57
-122.195
-100.699
-100.84
-111.906
-179.908
-181.161
-181.161
-181.161
-104.516
-120.708
-110.202
-131.726
-125.284
-223.291
-110.202
-164.115
-123.284
-75.6182
-114.997
-150.701
-140.046
-139.216
-107.595
-146.718
-135.062
-75.3299
-95.4749
-128.658
-84.2682
-166.692
-166.205
-78.9024
-144.952
-110.202
-177.772
-177.772
-179.058
-179.058
-182.258
-85.9261
-109.195
-71.3778
-168.32
-141.092
-137.74
-154.159
-126.765
-141.998
-123.521
-119.401
-145.195
-108.46
-127.42
-142.592
-126.431
-127.462
-121.159
-143
-163.132
-130.995
-122.533
-118.368
-129.437
-112.548
-149.205
-142.104
-92.6648
-139.506
-151.346
-127.133
-175.524
-122.782
-131.789
-134.089
-130.84
-115.446
-143.7
-143.31
-127.572
-132.849
-175.498
-112.107
-150.35
-113.596
-113.596
-128.475
-123.809
-105.764
-107.24
-132.142
-119.92
-159.207
-113.761
-134.815
-175.224
-223.967
-184.662
-130.403
-168.772
-114.209
-185.614
-152.607
-185.374
-185.374
-184.041
-157.281
-107.411
-211.46
-94.0813
-162.961
-117.151
-112.176
-131.926
-90.8909
-121.335
-119.537
-160.056
-160
-115.42
-144.105
-125.446
-93.263
-108.522
-122.72
-121.416
-113.732
-161.306
-166.056
-66.6101
-95.1744
-97.7585
-197.759
-160.909
-137.039
-56.3562
-50.0064
-48.259
-49.3418
-46.2274
-48.9028
-59.7283
-50.5825
-53.5154
-53.5154
-90.5584
-104.748
-83.1078
-91.1883
-127.812
-77.8
-161.326
-143.035
-154.178
-146.818
-146.818
-169.978
-109.695
-104.386
-144.435
-162.528
-182.506
-116.383
-114.36
-111.317
-91.4689
-90.1247
-108.72
-178.921
-178.699
-188.927
-151.364
-151.974
-159.232
-211.856
-131.6
-108.125
-94.7626
-77.2858
-113.874
-99.0985
-133.76
-71.3954
-163.034
-136.884
-123.041
-112.462
-125.576
-179.151
-144.535
-132.064
-152.293
-124.52
-137.485
-193.065
-181.572
-85.6407
-75.2447
-113.929
-88.5202
-98.0266
-120.285
-163.972
-164.393
-152.033
-152.033
-158.923
-151.769
-143.2
-64.7046
-72.8015
-78.1598
-90.4046
-46.5601
-49.0769
-48.7178
-50.772
-52.8044
-53.9289
-44.8782
-41.0944
-75.0771
-53.5517
-62.1219
-61.8301
-54.8214
-40.002
-47.771
-44.4131
-49.1467
-79.2516
-95.3754
-70.0647
-71.8422
-75.9544
-46.4894
-71.5891
-53.5154
-38.375
-43.0566
-51.2157
-49.4365
-51.4232
-40.6362
-35.3724
-44.1638
-47.3344
-49.3798
-45.7591
-43.6542
-52.2806
-41.3914
-45.7591
-53.4892
-38.8343
-38.8343
-52.9315
-43.4098
-50.7126
-49.8182
-45.6543
-45.9713
-44.3053
-47.1452
-54.0557
-46.375
-44.2136
-44.039
-43.4086
-39.5925
-46.4588
-40.962
-53.6401
-44.9346
-51.5511
-54.0579
-44.9346
-34.5401
-52.2806
-52.2806
-52.2806
-52.2806
-52.2806
-44.7205
-53.2219
-41.9834
-47.0176
-37.8109
-43.6112
-50.3155
-43.5201
-43.4048
-52.2806
-51.915
-50.9012
-52.2806
-51.5491
-47.7831
-49.641
-52.9852
-42.1468
-45.4392
-49.3522
-41.8737
-46.6543
-41.9287
-39.5616
-43.5588
-41.1947
-36.8286
-56.6502
-42.5353
-43.6128
-52.2806
-52.2806
-52.2806
-47.3626
-43.6355
-43.154
-49.9266
-43.0831
-41.3658
-38.4924
-37.4451
-45.4994
-36.1396
-43.8552
-48.0444
-53.5154
-66.1401
-117.817
-185.885
-114.63
-126.801
-50.1065
-44.7485
-57.6787
-224.358
-223.7
-84.1229
-80.8007
-75.4309
-29.8705
-32.2155
-75.4309
-80.7602
-166.759
-53.3353
-116.022
-116.022
-116.022
-116.022
-54.1748
-39.8785
-80.8007
-80.8007
-89.9025
-29.8705
-111.437
-145.794
-98.6987
-50.1065
-74.7698
-64.5343
-102.167
-65.9005
-32.9493
-68.6804
-51.1232
-99.5769
-57.9017
-71.3765
-98.6987
-174.167
-131.283
-62.976
-84.8184
-84.8184
-60.7862
-75.2687
-73.6043
-80.8007
-80.8007
-80.8007
-73.6688
-73.1224
-74.6064
-80.8007
-58.6367
-58.6503
-51.173
-91.3151
-58.6539
-58.6503
-58.6367
-58.6367
-58.6503
-58.6367
-73.2063
-158.628
-106.34
-118.278
-66.8876
-58.8897
-91.0287
-45.2282
-56.262
-83.9754
-102.524
-58.3551
-58.7434
-58.1248
-117.882
-36.9144
-28.8033
-35.6807
-21.6603
-183.997
-148.364
-214.256
-211.368
-219.497
-224.505
-32.4143
-49.068
-45.2296
-51.0526
-46.4671
-44.8565
-65.4208
-61.089
-31.838
-32.4274
-28.8962
-29.8811
-28.5677
-55.7937
-58.2509
-38.6375
-64.5285
-49.2816
-92.3156
-90.1661
-92.231
-92.0512
-94.1082
-107.732
-111.234
-111.016
-111.227
-114.847
-107.114
-119.595
-29.3709
-25.1268
-24.1036
-28.8583
-28.8318
-22.7254
-29.2601
-31.2877
-25.8604
-26.9023
-30.3317
-29.4536
-24.9552
-27.3906
-25.164
-24.6738
-28.1623
-27.8238
-28.8816
-28.9306
-44.8542
-47.2099
-44.1441
-47.7454
-39.093
-39.3422
-43.4408
-34.3238
-41.2631
-43.1549
-44.9815
-44.431
-43.6514
-42.0737
-37.029
-43.8587
-106.125
-56.6061
-50.8983
-58.2617
-57.5305
-55.2677
-61.3927
-51.611
-56.7875
-48.0633
-60.9366
-51.7481
-134.313
-209.041
-51.9838
-132.365
-61.0329
-115.624
-117.158
-128.795
-117.207
-117.33
-110.08
-109.935
-199.729
-106.706
-105.06
-52.8947
-106.103
-108.904
-85.7583
-112.168
-97.4287
-119.828
-106.532
-110.722
-110.722
-109.379
-106.773
-110.452
-105.703
-106.675
-102.018
-42.3429
-39.8995
-48.4296
-34.5812
-43.766
-50.8034
-43.766
-43.766
-142.317
-140.292
-44.9203
-115.017
-131.69
-49.4548
-49.4548
-36.6561
-33.7653
-55.3713
-55.3713
-150.538
-136.026
-140.395
-142.272
-134.369
-145.896
-129.58
-39.2076
-75.4172
-79.9463
-143.707
-45.1658
-122.405
-40.0933
-41.1315
-85.5296
-41.1927
-41.1927
-131.461
-132.805
-41.3325
-41.0304
-50.468
-124.196
-142.012
-114.357
-101.828
-98.3113
-96.2534
-130.545
-125.411
-56.4942
-114.895
-115.008
-138.414
-144.001
-93.499
-50.4534
-49.7576
-88.7456
-111.794
-121.04
-121.23
-117.626
-121.062
-122.753
-116.057
-120.407
-165.625
-69.9444
-67.5372
-70.769
-80.8121
-86.9603
-153.769
-70.769
-174.175
-65.3431
-58.7228
-126.104
-131.991
-148.338
-55.1556
-93.4245
-124.101
-52.5547
-49.1362
-167.788
-173.244
-151.722
-43.8454
-34.9204
-144.298
-137.895
-138.834
-136.375
-133.982
-134.239
-142.934
-142.685
-126.294
-182.29
-148.503
-147.527
-51.6579
-50.8098
-51.6579
-131.885
-135.016
-129.509
-125.943
-129.24
-105.557
-102.358
-85.4647
-141.892
-124.76
-113.561
-124.984
-83.2128
-111.439
-129.454
-116.88
-104.944
-111.328
-124.532
-124.623
-99.4828
-118.683
-108.516
-121.431
-140.055
-46.5277
-47.5209
-121.442
-131.377
-122.732
-55.2257
-187.73
-206.488
-235.315
-121.587
-138.687
-160.812
-150.935
-114.349
-138.669
-137.734
-50.4038
-122.314
-34.1214
-116.285
-48.1178
-38.3146
-117.086
-26.8984
-134.291
-137.106
-144.629
-136.919
-155.157
-106.047
-140.233
-27.7874
-41.9108
-73.4816
-127.189
-164.05
-155.139
-164.029
-56.5395
-60.8239
-123.133
-136.654
-86.861
-157.566
-116.137
-117.826
-96.4351
-110.524
-105.24
-97.6171
-115.786
-111.547
-114.438
-136.538
-40.8129
-66.36
-70.6728
-59.0301
-185.423
-214.17
-216.2
-210.183
-48.6194
-132.086
-136.193
-96.629
-44.1755
-196.145
-191.291
-58.723
-58.723
-58.723
-58.7231
-141.264
-105.28
-93.3496
-97.364
-50.0771
-56.9317
-56.9317
-51.7983
-46.6126
-86.1959
-88.7361
-129.179
-164.05
-176.978
-175.926
-52.9718
-46.0532
-145.376
-101.004
-95.385
-145.26
-115.493
-211.909
-42.653
-212.411
-147.344
-95.7534
-120.379
-68.1177
-152.263
-139.988
-96.3144
-126.281
-132.852
-102.499
-100.564
-119.589
-124.627
-141.608
-155.216
-26.7885
-50.5382
-44.5541
-46.7325
-46.4076
-130.834
-130.648
-49.7971
-58.6991
-129.267
-52.2917
-49.5922
-96.6058
-96.0932
-62.2582
-142.357
-148.99
-150.594
-122.48
-117.17
-115.418
-174.098
-109.909
-111.555
-114.453
-122.011
-121.582
-114.89
-132.551
-184.32
-184.32
-139.89
-99.8806
-100.828
-165.641
-132.894
-114.688
-115.137
-114.688
-114.573
-137.338
-79.8526
-134.839
-130.199
-122.422
-122.422
-114.573
-125.904
-124.818
-128.515
-123.156
-128.186
-166.631
-166.711
-101.071
-102.816
-159.967
-162.232
-162.232
-162.232
-99.0832
-99.0833
-100.65
-139.941
-91.011
-85.7593
-99.807
-145.253
-145.942
-141.884
-145.899
-145.899
-144.885
-142.36
-147.107
-141.884
-168.854
-113.138
-113.138
-113.635
-112.86
-112.864
-113.138
-106.59
-113.312
-170.181
-91.253
-133.962
-138.864
-131.689
-131.689
-136.751
-136.751
-136.137
-136.137
-134.719
-134.873
-164.662
-145.849
-154.903
-160.114
-131.606
-124.739
-157.837
-115.82
-115.82
-123.146
-122.625
-125.287
-118.805
-119.823
-118.887
-118.887
-130.881
-144.334
-117.712
-166.08
-154.23
-172.17
-158.228
-138.123
-135.432
-60.8538
-53.5518
-53.5518
-68.3464
-68.3463
-136.231
-137.131
-138.844
-132.747
-132.747
-116.727
-143.842
-126.101
-148.576
-112.227
-158.558
-67.8938
-67.8938
-118.593
-119.587
-133.895
-125.8
-154.821
-153.049
-132.638
-129.7
-103.427
-109.036
-101.229
-109.349
-117.199
-113.166
-111.977
-130.932
-129.09
-135.784
-127.481
-128.124
-127.481
-128.124
-128.124
-128.124
-128.124
-128.124
-128.862
-128.124
-128.124
-126.971
-126.102
-170.471
-174.215
-136.068
-135.91
-136.068
-135.91
-93.6896
-93.6879
-95.1704
-92.0922
-183.061
-141.39
-134.359
-140.906
-141.688
-89.5619
-78.9007
-78.9007
-113.779
-110.18
-113.78
-110.18
-107.961
-109.196
-110.18
-110.536
-106.894
-119.193
-121.078
-121.077
-121.31
-121.078
-121.31
-123.272
-29.7826
-166.275
-124.646
-116.753
-128.852
-141.74
-94.8613
-120.771
-112.498
-112.498
-113.766
-109.404
-106.857
-116.765
-124.928
-124.928
-143.032
-123.232
-157.77
-110.765
-142.413
-145.682
-87.983
-109.498
-109.498
-107.339
-121.777
-116.676
-101.913
-116.676
-117.416
-116.676
-99.9642
-104.441
-140.146
-108.927
-113.833
-139.702
-98.394
-95.1525
-144.401
-141.152
-165.318
-113.907
-152.764
-100.215
-154.915
-154.915
-152.764
-170.32
-108.314
-108.31
-98.6042
-116.614
-116.069
-81.6851
-81.9418
-149.969
-149.971
-148.958
-152.764
-94.1053
-111.009
-102.645
-107.516
-111.1
-153.168
-148.696
-152.764
-158.789
-125.466
-131.2
-124.266
-131.96
-124.561
-132.297
-124.422
-104.238
-104.238
-142.252
-141.399
-136.247
-162.401
-126.238
-131.291
-132.395
-83.5037
-83.5037
-96.8407
-102.464
-131.952
-126.687
-124.162
-113.118
-124.217
-131.138
-117.924
-123.076
-120.907
-158.998
-135.728
-78.6031
-124.781
-127.105
-159.899
-160.099
-129.289
-127.82
-121.717
-129.881
-129.881
-110.708
-149.607
-141.622
-140.111
-141.598
-115.746
-144.222
-141.016
-139.054
-141.28
-112.299
-114.929
-147.406
-140.121
-148.121
-148.121
-142.248
-153.916
-193.695
-193.695
-126.487
-134.957
-158.1
-129.948
-132.135
-131.33
-132.135
-132.135
-131.509
-132.525
-131.33
-132.994
-132.135
-132.135
-130.083
-134.198
-133.562
-127.078
-128.067
-131.717
-134.274
-130.829
-130.08
-129.7
-122.7
-127.481
-127.643
-127.643
-128.124
-128.124
-128.124
-128.124
-128.025
-152.784
-105.552
-108.674
-110.621
-116.466
-116.467
-115.834
-113.698
-115.835
-110.623
-92.2452
-116.534
-121.571
-121.584
-141.937
-90.8918
-92.4004
-157.267
-167.302
-152.983
-109.283
-109.279
-101.96
-103.445
-103.041
-101.16
-100.666
-101.693
-111.69
-110.916
-111.69
-90.8918
-183.925
-110.097
-108.204
-108.047
-109.511
-110.943
-104.862
-148.563
-145.162
-145.162
-124.285
-124.285
-128.484
-127.952
-129.202
-71.184
-71.184
-77.2059
-169.887
-147.66
-171.328
-180.288
-193.064
-177.186
-161.417
-191.226
-190.352
-145.533
-119.981
-150.984
-103.982
-134.32
-153.703
-132.301
-147.235
-141.929
-143.05
-158.173
-137.758
-153.898
-123.433
-111.774
-157.465
-167.467
-153.519
-113.274
-108.805
-140.611
-121.025
-121.025
-113.523
-114.039
-116.901
-117.817
-92.496
-131.302
-159.624
-156.886
-161.057
-156.623
-138.413
-138.413
-136.809
-133.584
-131.779
-124.803
-126.312
-125.574
-124.271
-124.803
-125.47
-125.47
-125.47
-125.47
-125.47
-125.47
-199.765
-193.771
-190.891
-209.148
-232.771
-176.261
-230.189
-209.105
-216.324
-246.564
-233.762
-144.716
-246.622
-252.149
-231.268
-153.485
-218.761
-247.208
-209.617
-218.817
-243.597
-243.597
-227.019
-243.705
-245.053
-206.899
-226.645
-203.125
-215.911
-224.439
-239.917
-259.23
-213.747
-216.301
-221.588
-234.737
-225.749
-221.22
-205.284
-198.517
-238.675
-231.164
-219.723
-224.041
-249.946
-214.175
-193.634
-199.765
-176.261
-199.765
-99.8227
-121.96
-107.812
-272.988
-166.643
-223.993
-243.748
-143.459
-155.267
-132.295
-132.295
-126.468
-128.986
-132.295
-220.587
-199.529
-252.675
-267.238
-221.298
-307.514
-360.203
-213.407
-204.575
-215.874
-241.004
-125.308
-101.363
-104.907
-127.978
-151.835
-138.57
-204.521
-202.173
-165.566
-303.925
-287.528
-187.193
-195.289
-190.584
-231.587
-218.007
-252.849
-178.67
-311.268
-360.578
-213.662
-318.48
-177.548
-217.916
-250.313
-271.246
-237.609
-265.517
-267.003
-226.447
-290.636
-272.825
-163.042
-165.456
-240.535
-220.885
-231.758
-220.729
-273.381
-259.374
-211.511
-236.309
-245.084
-258.481
-299.748
-373.078
-240.617
-321.667
-113.99
-118.94
-115.355
-164.867
-163.567
-161.499
-163.121
-164.818
-160.54
-162.043
-145.217
-159.49
-156.361
-162.09
-152.678
-221.606
-229.428
-201.761
-219.946
-216.977
-214.265
-213.876
-210.028